4253
4254
4255
4256
4257
4258
4259
4260
4261
4262
4263
4264
4265
4266
4267
4268
4269
4270
4300
4301
4302
4303
4304
4305
4306
4308
4309
4311
4312
4313
4314
4315
4316
4317
4318
4319
4320
4321
4323
4324
4349
4350
4351
4352
4353
4354
4355
4356
4357
4358
4359
4360
4361
4362
4363
4364
4365
4366
4367
4368
4369
4370
4371
4372
4397
4398
4399
4400
4401
4402
4403
4404
4405
4406
4407
4408
4409
4410
4411
4414
4415
4417
4418
4419
4420
4422
4483
4484
4485
4487
4488
4489
4490
4491
4492
4493
4494
4495
4496
4498
4499
4500
4501
4502
4503
4504
4505
4506
4507
4508
4509
4551
4552
4555
4556
4557
4558
4559
4560
4561
4562
4563
4564
4565
4566
4568
